0 0 0 2 22 0 14 0 9 10 0 12 0 0 3 3 0 12 3 13 17 0 20 0 9 0 8 0 7 25 
0 0 5 0 18 8 7 0 0 0 15 21 0 23 0 5 0 0 0 0 0 12 7 3 0 19 0 11 15 6 
0 5 0 19 0 18 0 5 13 0 15 16 0 0 22 0 11 15 20 0 18 0 0 19 0 7 12 23 13 7 
2 0 19 0 18 0 15 0 4 8 0 6 0 13 25 0 9 10 15 0 0 11 5 0 25 3 7 21 0 0 
22 18 0 18 0 0 17 17 0 0 25 0 0 0 22 16 2 16 0 0 6 0 0 0 0 19 0 0 0 0 
0 8 18 0 0 0 0 11 5 5 18 0 21 7 7 2 14 0 15 7 6 0 0 0 0 0 13 13 14 13 
14 7 0 15 17 0 0 0 0 17 0 0 6 0 11 20 11 0 25 19 9 0 24 0 16 0 0 22 0 0 
0 0 5 0 17 11 0 0 7 10 0 10 23 0 7 11 0 2 6 0 0 0 5 17 14 0 14 0 17 9 
9 0 13 4 0 5 0 7 0 12 0 0 0 0 3 0 24 23 7 0 0 9 8 14 0 0 0 11 0 17 
10 0 0 8 0 5 17 10 12 0 0 0 23 0 10 2 22 17 4 10 7 14 0 0 0 0 13 0 15 0 
0 15 15 0 25 18 0 0 0 0 0 0 2 14 0 0 8 23 0 0 0 0 0 21 2 18 0 19 17 25 
12 21 16 6 0 0 0 10 0 0 0 0 0 0 16 9 20 14 24 18 19 13 0 0 7 22 21 4 0 24 
0 0 0 0 0 21 6 23 0 23 2 0 0 22 21 23 0 0 16 13 21 4 9 3 6 0 10 17 25 0 
0 23 0 13 0 7 0 0 0 0 14 0 22 0 0 6 0 25 2 9 20 16 0 4 16 0 0 10 15 18 
3 0 22 25 22 7 11 7 3 10 0 16 21 0 0 2 0 9 4 15 0 6 0 16 0 0 24 0 0 23 
3 5 0 0 16 2 20 11 0 2 0 9 23 6 2 0 13 11 25 0 11 5 0 0 0 25 14 0 0 0 
0 0 11 9 2 14 11 0 24 22 8 20 0 0 0 13 0 18 0 16 0 13 0 20 2 2 19 0 0 17 
12 0 15 10 16 0 0 2 23 17 23 14 0 25 9 11 18 0 18 19 17 18 18 0 0 5 8 0 13 0 
3 0 20 15 0 15 25 6 7 4 0 24 16 2 4 25 0 18 0 18 12 20 0 22 9 0 0 15 7 11 
13 0 0 0 0 7 19 0 0 10 0 18 13 9 15 0 16 19 18 0 0 14 4 0 17 0 5 22 7 17 
17 0 18 0 6 6 9 0 0 7 0 19 21 20 0 11 0 17 12 0 0 12 5 5 0 0 0 0 0 0 
0 12 0 11 0 0 0 0 9 14 0 13 4 16 6 5 13 18 20 14 12 0 19 0 5 0 22 11 8 0 
20 7 0 5 0 0 24 5 8 0 0 0 9 0 0 0 0 18 0 4 5 19 0 0 17 0 0 0 16 14 
0 3 19 0 0 0 0 17 14 0 21 0 3 4 16 0 20 0 22 0 5 0 0 0 0 23 0 11 4 0 
9 0 0 25 0 0 16 14 0 0 2 7 6 16 0 0 2 0 9 17 0 5 17 0 0 21 12 0 0 0 
0 19 7 3 19 0 0 0 0 0 18 22 0 0 0 25 2 5 0 0 0 0 0 23 21 0 16 20 15 0 
8 0 12 7 0 13 0 14 0 13 0 21 10 0 24 14 19 8 0 5 0 22 0 0 12 16 0 19 15 0 
0 11 23 21 0 13 22 0 11 0 19 4 17 10 0 0 0 0 15 22 0 11 0 11 0 20 19 0 0 0 
7 15 13 0 0 14 0 17 0 15 17 0 25 15 0 0 0 13 7 7 0 8 16 4 0 15 15 0 0 0 
25 6 7 0 0 13 0 9 17 0 25 24 0 18 23 0 17 0 11 17 0 0 14 0 0 0 0 0 0 0 
